summary_DATA_SPLIT_STATE_0
============================================================

--- Train ---
                                          Accuracy      Precision         Recall       F1_Score   Average_Cost            AEC    Precision_2       Recall_2           TP_2           TN_2           FN_2           FP_2      FN_2_rate      FP_2_rate      TP_2_rate         FP_0_2         FP_1_2    Precision_1       Recall_1           TP_1           TN_1           FN_1           FP_1      FN_1_rate      FP_1_rate      TP_1_rate         FP_0_1         FP_2_1    Precision_0       Recall_0           TP_0           TN_0           FN_0           FP_0      FN_0_rate      FP_0_rate      TP_0_rate         FP_1_0         FP_2_0
--------------------------------------------------------------------------------------------------------------------------------------------------------------------------------------------------------------------------------------------------------------------------------------------------------------------------------------------------------------------------------------------------------------------------------------------------------------------------------------------------------------------------------------------------------------------------------------------------------------------------------------------
                       test_runs_CE        81.3831         0.7950         0.8210         0.8040         1.1761         2.1022         0.8057         0.6908       279.1000       692.6000       124.9000        67.4000         0.3092         0.0887         0.6908        10.4000             57         0.8472         0.8749       515.3000            482        73.7000             93         0.1251         0.1617         0.8749         7.7000        85.3000         0.7316         0.8942       152.9000       936.7000        18.1000        56.3000         0.1058         0.0567         0.8942        16.7000        39.6000
              test_runs_CE_weighted        76.3573         0.7350         0.7940         0.7420         1.4573         2.3690         0.7722         0.6220       251.3000       685.8000       152.7000        74.2000         0.3780         0.0976         0.6220         5.6000        68.6000         0.8645         0.8061       474.8000       500.6000       114.2000        74.4000         0.1939         0.1294         0.8061         2.7000        71.7000         0.5628         0.9515       162.7000       866.4000         8.3000       126.6000         0.0485         0.1275         0.9515        45.6000             81
                  test_runs_AEC_CM1        50.6010         0.1700         0.3300         0.2200         1.4820         1.4820            N/A              0              0            760            404              0              1              0              0              0              0         0.5060              1            589              0              0            575              0              1              1            171            404            N/A              0              0            993            171              0              1              0              0              0              0
                  test_runs_AEC_CM2        50.6010         0.1700         0.3300         0.2200         1.4820         1.4820            N/A              0              0            760            404              0              1              0              0              0              0         0.5060              1            589              0              0            575              0              1              1            171            404            N/A              0              0            993            171              0              1              0              0              0              0
                  test_runs_AEC_CM3        50.6010         0.1700         0.3300         0.2200         1.4820         1.4820            N/A              0              0            760            404              0              1              0              0              0              0         0.5060              1            589              0              0            575              0              1              1            171            404            N/A              0              0            993            171              0              1              0              0              0              0
               test_runs_RWWCE1_CM1        73.3247         0.8080         0.6890         0.6960         0.9010         1.3360         0.9722         0.3851       155.6000       755.5000       248.4000         4.5000         0.6149         0.0059         0.3851         2.8000         1.7000         0.6820         0.9825       578.7000       305.1000        10.3000       269.9000         0.0175         0.4694         0.9825             49       220.9000         0.7696         0.6971       119.2000       956.9000        51.8000        36.1000         0.3029         0.0364         0.6971         8.6000        27.5000
               test_runs_RWWCE1_CM2        62.0531         0.4060         0.6160         0.4910         1.3561         1.8183            N/A              0              0            760            404              0              1              0              0              0              0         0.6313         0.9713       572.1000       240.3000        16.9000       334.7000         0.0287         0.5821         0.9713        20.8000       313.9000         0.5887         0.8784       150.2000            886        20.8000            107         0.1216         0.1078         0.8784        16.9000        90.1000
               test_runs_RWWCE1_CM3        73.9004         0.7600         0.7400         0.6940         1.0373         1.4380         0.9478         0.3745       151.3000       751.6000       252.7000         8.4000         0.6255         0.0111         0.3745         1.8000         6.6000         0.7491         0.9424       555.1000       388.9000        33.9000       186.1000         0.0576         0.3237         0.9424        15.4000       170.7000         0.5866         0.8994       153.8000       883.7000        17.2000       109.3000         0.1006         0.1101         0.8994        27.3000             82
               test_runs_RWWCE2_CM1        77.3195         0.7470         0.8000         0.7500         1.2705         2.1088         0.8152         0.6015            243       704.8000            161        55.2000         0.3985         0.0726         0.6015         4.7000        50.5000         0.8506         0.8375       493.3000       488.3000        95.7000        86.7000         0.1625         0.1508         0.8375         2.6000        84.1000         0.5732         0.9573       163.7000       870.9000         7.3000       122.1000         0.0427         0.1230         0.9573        45.2000        76.9000
               test_runs_RWWCE2_CM2        76.9674         0.7460         0.7930         0.7440         1.2315         2.0295         0.8313         0.5760       232.7000       712.7000       171.3000        47.3000         0.4240         0.0622         0.5760         4.3000             43         0.8450         0.8470       498.9000       483.4000        90.1000        91.6000         0.1530         0.1593         0.8470         2.4000        89.2000         0.5602         0.9608       164.3000       863.8000         6.7000       129.2000         0.0392         0.1301         0.9608        47.1000        82.1000
               test_runs_RWWCE2_CM3        76.9331         0.7410         0.7980         0.7470         1.3110         2.1614         0.8079         0.5980       241.6000       702.4000       162.4000        57.6000         0.4020         0.0758         0.5980         4.6000             53         0.8534         0.8326       490.4000       490.7000        98.6000        84.3000         0.1674         0.1466         0.8326         2.9000        81.4000         0.5639         0.9561       163.5000       866.4000         7.5000       126.6000         0.0439         0.1275         0.9561        45.6000             81
               test_runs_RWWCE3_CM1        81.2456         0.7950         0.8160         0.7990         1.0978         1.9610         0.8269         0.6673       269.6000       703.4000       134.4000        56.6000         0.3327         0.0745         0.6673         9.8000        46.8000         0.8385         0.8869       522.4000       474.3000        66.6000       100.7000         0.1131         0.1751         0.8869         7.5000        93.2000         0.7173         0.8988       153.7000            932        17.3000             61         0.1012         0.0614         0.8988        19.8000        41.2000
               test_runs_RWWCE3_CM2        80.6959         0.7910         0.8130         0.7930         1.0784         1.9192         0.8366         0.6411            259       709.3000            145        50.7000         0.3589         0.0667         0.6411         8.5000        42.2000         0.8312         0.8920       525.4000       468.3000        63.6000       106.7000         0.1080         0.1856         0.8920         7.6000        99.1000         0.6990         0.9058       154.9000       925.7000        16.1000        67.3000         0.0942         0.0678         0.9058        21.4000        45.9000
               test_runs_RWWCE3_CM3        80.9707         0.7900         0.8180         0.7960         1.1247         2.0025         0.8226         0.6646       268.5000            702       135.5000             58         0.3354         0.0763         0.6646         8.5000        49.5000         0.8411         0.8813       519.1000       476.8000        69.9000        98.2000         0.1187         0.1708         0.8813         7.6000        90.6000         0.7045         0.9058       154.9000       927.7000        16.1000        65.3000         0.0942         0.0658         0.9058        20.4000        44.9000
test_runs_constraint_aware_stepwise        69.8538         0.7520         0.7090         0.6320         1.1383         1.3632         0.9865         0.2356        95.2000       758.6000       308.8000         1.4000         0.7644         0.0018         0.2356         1.1000         0.3000         0.7164         0.9448       556.5000       354.6000        32.5000       220.4000         0.0552         0.3833         0.9448         8.5000       211.9000         0.5561         0.9439       161.4000       863.9000         9.6000       129.1000         0.0561         0.1300         0.9439        32.2000        96.9000
test_runs_constraint_aware_stepwise        67.1134         0.7400         0.6800         0.5910         1.2110         1.4388         0.9801         0.1641        66.3000       758.6000       337.7000         1.4000         0.8359         0.0018         0.1641         0.8000         0.6000         0.6857         0.9426       555.2000       320.4000        33.8000       254.6000         0.0574         0.4428         0.9426        10.5000       244.1000         0.5581         0.9339       159.7000       866.2000        11.3000       126.8000         0.0661         0.1277         0.9339        33.2000        93.6000
         test_runs_threshold_tuning        64.5275         0.7130         0.6670         0.5530         1.3805         2.3690         0.9671         0.1374        55.5000            758       348.5000              2         0.8626         0.0026         0.1374              0              2         0.7096         0.8980       528.9000       358.3000        60.1000       216.7000         0.1020         0.3769         0.8980         4.3000       212.4000         0.4624         0.9749       166.7000       798.8000         4.3000       194.2000         0.0251         0.1956         0.9749        58.1000       136.1000
                               Mean        70.2617         0.6370         0.6791         0.6172         1.2481         1.8155         0.8748         0.3740       151.1000       731.4882       252.9000        28.5118         0.6260         0.0375         0.3740         3.7000        24.8118         0.7332         0.9141       538.4176       343.0588        50.5824       231.9412         0.0859         0.4034         0.9141        38.9706       192.9706         0.6167         0.7505       128.3294       907.3000        42.6706        85.7000         0.2495         0.0863         0.7505        25.7706        59.9294
                                Std        11.0026         0.2402         0.1777         0.2097         0.1754         0.3593         0.0809         0.2767       111.7995        29.6517       111.7995        29.6517         0.2767         0.0390         0.2767         3.7249        26.4219         0.1310         0.0639        37.6615       181.2383        37.6615       181.2383         0.0639         0.3152         0.0639        63.9512       123.3553         0.0897         0.3634        62.1432        55.7008        62.1432        55.7008         0.3634         0.0561         0.3634        18.1911        39.0356

--- Validation ---
                                          Accuracy      Precision         Recall       F1_Score   Average_Cost            AEC    Precision_2       Recall_2           TP_2           TN_2           FN_2           FP_2      FN_2_rate      FP_2_rate      TP_2_rate         FP_0_2         FP_1_2    Precision_1       Recall_1           TP_1           TN_1           FN_1           FP_1      FN_1_rate      FP_1_rate      TP_1_rate         FP_0_1         FP_2_1    Precision_0       Recall_0           TP_0           TN_0           FN_0           FP_0      FN_0_rate      FP_0_rate      TP_0_rate         FP_1_0         FP_2_0
--------------------------------------------------------------------------------------------------------------------------------------------------------------------------------------------------------------------------------------------------------------------------------------------------------------------------------------------------------------------------------------------------------------------------------------------------------------------------------------------------------------------------------------------------------------------------------------------------------------------------------------------
                       test_runs_CE        76.4945         0.7550         0.7570         0.7540         1.5599         2.2292         0.7187         0.6396        85.7000       220.4000        48.3000        33.6000         0.3604         0.1323         0.6396         8.8000        24.8000         0.7966         0.8421       165.9000       148.6000        31.1000        42.4000         0.1579         0.2220         0.8421              3        39.4000         0.7496         0.7930        45.2000       315.8000        11.8000        15.2000         0.2070         0.0459         0.7930         6.3000         8.9000
              test_runs_CE_weighted        74.4587         0.7140         0.7590         0.7280         1.6873         2.4132         0.7108         0.6291        84.3000       219.7000        49.7000        34.3000         0.3709         0.1350         0.6291         6.5000        27.8000         0.8268         0.7898       155.6000       158.4000        41.4000        32.6000         0.2102         0.1707         0.7898         1.5000        31.1000         0.6041         0.8596             49       298.8000              8        32.2000         0.1404         0.0973         0.8596        13.6000        18.6000
                  test_runs_AEC_CM1        50.7730         0.1700         0.3300         0.2200         1.4770         1.4770            N/A              0              0            254            134              0              1              0              0              0              0         0.5077              1            197              0              0            191              0              1              1             57            134            N/A              0              0            331             57              0              1              0              0              0              0
                  test_runs_AEC_CM2        50.7730         0.1700         0.3300         0.2200         1.4770         1.4770            N/A              0              0            254            134              0              1              0              0              0              0         0.5077              1            197              0              0            191              0              1              1             57            134            N/A              0              0            331             57              0              1              0              0              0              0
                  test_runs_AEC_CM3        50.7730         0.1700         0.3300         0.2200         1.4770         1.4770            N/A              0              0            254            134              0              1              0              0              0              0         0.5077              1            197              0              0            191              0              1              1             57            134            N/A              0              0            331             57              0              1              0              0              0              0
               test_runs_RWWCE1_CM1        75.2318         0.8190         0.7050         0.7260         0.9013         1.3109         0.9241         0.4604        61.7000       248.9000        72.3000         5.1000         0.5396         0.0201         0.4604         1.4000         3.7000         0.6968         0.9690       190.9000       107.9000         6.1000        83.1000         0.0310         0.4351         0.9690        16.3000        66.8000         0.8331         0.6895        39.3000       323.1000        17.7000         7.9000         0.3105         0.0239         0.6895         2.4000         5.5000
               test_runs_RWWCE1_CM2        60.9275         0.3990         0.5930         0.4740         1.3691         1.7840            N/A              0              0            254            134              0              1              0              0              0              0         0.6197         0.9645            190        74.2000              7       116.8000         0.0355         0.6115         0.9645        10.6000       106.2000         0.5773         0.8140        46.4000       296.2000        10.6000        34.8000         0.1860         0.1051         0.8140              7        27.8000
               test_runs_RWWCE1_CM3        73.8661         0.7540         0.7320         0.7040         1.0349         1.4034         0.9176         0.4239        56.8000       248.9000        77.2000         5.1000         0.5761         0.0201         0.4239         0.2000         4.9000         0.7352         0.9228       181.8000       125.5000        15.2000        65.5000         0.0772         0.3429         0.9228         8.8000        56.7000         0.6099         0.8421             48       300.2000              9        30.8000         0.1579         0.0931         0.8421        10.3000        20.5000
               test_runs_RWWCE2_CM1        74.8969         0.7200         0.7580         0.7300         1.5158         2.1839         0.7420         0.5933        79.5000       226.3000        54.5000        27.7000         0.4067         0.1091         0.5933              6        21.7000         0.8076         0.8234       162.2000       152.3000        34.8000        38.7000         0.1766         0.2026         0.8234         2.1000        36.6000         0.6124         0.8579        48.9000            300         8.1000             31         0.1421         0.0937         0.8579        13.1000        17.9000
               test_runs_RWWCE2_CM2        74.6650         0.7180         0.7550         0.7260         1.4471         2.1062         0.7601         0.5687        76.2000       229.9000        57.8000        24.1000         0.4313         0.0949         0.5687              5        19.1000         0.8006         0.8330       164.1000       150.1000        32.9000        40.9000         0.1670         0.2141         0.8330         2.6000        38.3000         0.5981         0.8667        49.4000       297.7000         7.6000        33.3000         0.1333         0.1006         0.8667        13.8000        19.5000
               test_runs_RWWCE2_CM3        74.8196         0.7190         0.7600         0.7290         1.5397         2.2228         0.7390         0.5993        80.3000       225.6000        53.7000        28.4000         0.4007         0.1118         0.5993         5.9000        22.5000         0.8137         0.8168       160.9000       154.1000        36.1000        36.9000         0.1832         0.1932         0.8168              2        34.9000         0.6027         0.8614        49.1000       298.6000         7.9000        32.4000         0.1386         0.0979         0.8614        13.6000        18.8000
               test_runs_RWWCE3_CM1        76.3144         0.7500         0.7560         0.7500         1.4776         2.1026         0.7357         0.6209        83.2000       224.1000        50.8000        29.9000         0.3791         0.1177         0.6209         7.7000        22.2000         0.7875         0.8497       167.4000       145.8000        29.6000        45.2000         0.1503         0.2366         0.8497         3.8000        41.4000         0.7311         0.7982        45.5000       314.2000        11.5000        16.8000         0.2018         0.0508         0.7982         7.4000         9.4000
               test_runs_RWWCE3_CM2        76.2372         0.7500         0.7560         0.7480         1.4047         2.0517         0.7528         0.6015        80.6000       227.5000        53.4000        26.5000         0.3985         0.1043         0.6015         6.4000        20.1000         0.7817         0.8574       168.9000       143.8000        28.1000        47.2000         0.1426         0.2471         0.8574         4.3000        42.9000         0.7154         0.8123        46.3000       312.5000        10.7000        18.5000         0.1877         0.0559         0.8123              8        10.5000
               test_runs_RWWCE3_CM3        76.3402         0.7520         0.7600         0.7510         1.4751         2.1277         0.7365         0.6209        83.2000       224.2000        50.8000        29.8000         0.3791         0.1173         0.6209         7.2000        22.6000         0.7887         0.8467       166.8000       146.3000        30.2000        44.7000         0.1533         0.2340         0.8467         3.6000        41.1000         0.7280         0.8105        46.2000       313.7000        10.8000        17.3000         0.1895         0.0523         0.8105         7.6000         9.7000
test_runs_constraint_aware_stepwise        68.1187         0.7390         0.6790         0.6120         1.1613         1.4094         0.9670         0.2254        30.2000            253       103.8000              1         0.7746         0.0039         0.2254              0              1         0.6881         0.9355       184.3000       107.4000        12.7000        83.6000         0.0645         0.4377         0.9355         7.2000        76.4000         0.5609         0.8737        49.8000       291.9000         7.2000        39.1000         0.1263         0.1181         0.8737        11.7000        27.4000
test_runs_constraint_aware_stepwise        65.4896         0.7240         0.6520         0.5760         1.2286         1.4342         0.9541         0.1575        21.1000            253       112.9000              1         0.8425         0.0039         0.1575              0              1         0.6603         0.9325       183.7000        96.5000        13.3000        94.5000         0.0675         0.4948         0.9325         7.7000        86.8000         0.5627         0.8649        49.3000       292.6000         7.7000        38.4000         0.1351         0.1160         0.8649        12.3000        26.1000
         test_runs_threshold_tuning        64.0464         0.7110         0.6540         0.5480         1.3464         2.4132         0.9740         0.1328        17.8000       253.5000       116.2000         0.5000         0.8672         0.0020         0.1328              0         0.5000         0.6862         0.9051       178.3000       109.4000        18.7000        81.6000         0.0949         0.4272         0.9051         4.6000             77         0.4779         0.9193        52.4000       273.6000         4.6000        57.4000         0.0807         0.1734         0.9193        18.2000        39.2000
                               Mean        68.4839         0.6196         0.6509         0.6009         1.3870         1.8602         0.8179         0.3690        49.4471       239.4706        84.5529        14.5294         0.6310         0.0572         0.3690         3.2412        11.2882         0.7066         0.8993       177.1647       107.0765        19.8353        83.9235         0.1007         0.4394         0.8993        14.6529        69.2706         0.6402         0.6861        39.1059       307.1706        17.8941        23.8294         0.3139         0.0720         0.6861         8.5471        15.2824
                                Std         9.6951         0.2311         0.1608         0.1994         0.2003         0.3995         0.1083         0.2672        35.8021        14.5986        35.8021        14.5986         0.2672         0.0575         0.2672         3.4551        11.2115         0.1124         0.0715        14.0808        56.3398        14.0808        56.3398         0.0715         0.2950         0.0715        20.5503        37.3650         0.0959         0.3310        18.8662        16.1598        18.8662        16.1598         0.3310         0.0488         0.3310         5.5145        11.1623

--- Test ---
                                          Accuracy      Precision         Recall       F1_Score   Average_Cost            AEC    Precision_2       Recall_2           TP_2           TN_2           FN_2           FP_2      FN_2_rate      FP_2_rate      TP_2_rate         FP_0_2         FP_1_2    Precision_1       Recall_1           TP_1           TN_1           FN_1           FP_1      FN_1_rate      FP_1_rate      TP_1_rate         FP_0_1         FP_2_1    Precision_0       Recall_0           TP_0           TN_0           FN_0           FP_0      FN_0_rate      FP_0_rate      TP_0_rate         FP_1_0         FP_2_0
--------------------------------------------------------------------------------------------------------------------------------------------------------------------------------------------------------------------------------------------------------------------------------------------------------------------------------------------------------------------------------------------------------------------------------------------------------------------------------------------------------------------------------------------------------------------------------------------------------------------------------------------
                       test_runs_CE        75.5526         0.7210         0.7320         0.7260         1.8090         2.4925         0.6915         0.6807        91.9000       212.9000        43.1000        41.1000         0.3193         0.1618         0.6807        16.1000             25         0.8394         0.8274            163       160.8000             34        31.2000         0.1726         0.1625         0.8274         1.9000        29.3000         0.6317         0.6842             39       309.2000             18        22.8000         0.3158         0.0687         0.6842              9        13.8000
              test_runs_CE_weighted        72.9822         0.6940         0.7430         0.7040         1.8634         2.6762         0.6952         0.6600        89.1000       214.9000        45.9000        39.1000         0.3400         0.1539         0.6600        10.1000             29         0.8591         0.7548       148.7000       167.6000        48.3000        24.4000         0.2452         0.1271         0.7548         0.8000        23.6000         0.5261         0.8088        46.1000       290.4000        10.9000        41.6000         0.1912         0.1253         0.8088        19.3000        22.3000
                  test_runs_AEC_CM1        50.6430         0.1700         0.3300         0.2200         1.4810         1.4810            N/A              0              0            254            135              0              1              0              0              0              0         0.5064              1            197              0              0            192              0              1              1             57            135            N/A              0              0            332             57              0              1              0              0              0              0
                  test_runs_AEC_CM2        50.6430         0.1700         0.3300         0.2200         1.4810         1.4810            N/A              0              0            254            135              0              1              0              0              0              0         0.5064              1            197              0              0            192              0              1              1             57            135            N/A              0              0            332             57              0              1              0              0              0              0
                  test_runs_AEC_CM3        50.6430         0.1700         0.3300         0.2200         1.4810         1.4810            N/A              0              0            254            135              0              1              0              0              0              0         0.5064              1            197              0              0            192              0              1              1             57            135            N/A              0              0            332             57              0              1              0              0              0              0
               test_runs_RWWCE1_CM1        70.6940         0.7580         0.6520         0.6690         1.1832         1.5645         0.8348         0.4052        54.7000       243.1000        80.3000        10.9000         0.5948         0.0429         0.4052              3         7.9000         0.6670         0.9421       185.6000        99.3000        11.4000        92.7000         0.0579         0.4828         0.9421        19.3000        73.4000         0.7722         0.6088        34.7000       321.6000        22.3000        10.4000         0.3912         0.0313         0.6088         3.5000         6.9000
               test_runs_RWWCE1_CM2        59.9227         0.3860         0.5830         0.4620         1.4208         1.8505            N/A              0              0            254            135              0              1              0              0              0              0         0.6209         0.9518       187.5000        77.1000         9.5000       114.9000         0.0482         0.5984         0.9518        11.4000       103.5000         0.5344         0.8000        45.6000            291        11.4000             41         0.2000         0.1235         0.8000         9.5000        31.5000
               test_runs_RWWCE1_CM3        71.9022         0.7180         0.7150         0.6760         1.2578         1.6153         0.8436         0.3926             53       244.1000             82         9.9000         0.6074         0.0390         0.3926         2.1000         7.8000         0.7428         0.9071       178.7000            130        18.3000             62         0.0929         0.3229         0.9071         6.9000        55.1000         0.5649         0.8421             48       294.6000              9        37.4000         0.1579         0.1127         0.8421        10.5000        26.9000
               test_runs_RWWCE2_CM1        74.2931         0.7050         0.7510         0.7160         1.6509         2.4351         0.7304         0.6407        86.5000            222        48.5000             32         0.3593         0.1260         0.6407         9.4000        22.6000         0.8476         0.7898       155.6000            164        41.4000             28         0.2102         0.1458         0.7898         0.7000        27.3000         0.5399         0.8228        46.9000            292        10.1000             40         0.1772         0.1205         0.8228        18.8000        21.2000
               test_runs_RWWCE2_CM2        74.2674         0.7060         0.7530         0.7160         1.5891         2.3477         0.7437         0.6215        83.9000            225        51.1000             29         0.3785         0.1142         0.6215         8.7000        20.3000         0.8432         0.7990       157.4000       162.7000        39.6000        29.3000         0.2010         0.1526         0.7990         0.7000        28.6000         0.5330         0.8351        47.6000       290.2000         9.4000        41.8000         0.1649         0.1259         0.8351        19.3000        22.5000
               test_runs_RWWCE2_CM3        74.1902         0.7050         0.7520         0.7170         1.6656         2.4765         0.7289         0.6444             87       221.6000             48        32.4000         0.3556         0.1276         0.6444         8.9000        23.5000         0.8512         0.7832       154.3000            165        42.7000             27         0.2168         0.1406         0.7832         0.8000        26.2000         0.5358         0.8298        47.3000            291         9.7000             41         0.1702         0.1235         0.8298        19.2000        21.8000
               test_runs_RWWCE3_CM1        76.0154         0.7260         0.7350         0.7260         1.6891         2.3541         0.7102         0.6637        89.6000       217.4000        45.4000        36.6000         0.3363         0.1441         0.6637        15.4000        21.2000         0.8327         0.8452       166.5000       158.5000        30.5000        33.5000         0.1548         0.1745         0.8452              2        31.5000         0.6313         0.6947        39.6000       308.8000        17.4000        23.2000         0.3053         0.0699         0.6947         9.3000        13.9000
               test_runs_RWWCE3_CM2        76.0668         0.7240         0.7430         0.7300         1.6025         2.2953         0.7266         0.6400        86.4000       221.4000        48.6000        32.6000         0.3600         0.1283         0.6400        13.4000        19.2000         0.8277         0.8528            168            157             29             35         0.1472         0.1823         0.8528         2.1000        32.9000         0.6198         0.7281        41.5000       306.5000        15.5000        25.5000         0.2719         0.0768         0.7281         9.8000        15.7000
               test_runs_RWWCE3_CM3        75.8869         0.7250         0.7380         0.7280         1.7063         2.3810         0.7078         0.6630        89.5000            217        45.5000             37         0.3370         0.1457         0.6630        14.3000        22.7000         0.8346         0.8376            165       159.3000             32        32.7000         0.1624         0.1703         0.8376              2        30.7000         0.6288         0.7140        40.7000       307.9000        16.3000        24.1000         0.2860         0.0726         0.7140         9.3000        14.8000
test_runs_constraint_aware_stepwise        67.2237         0.6970         0.6740         0.6070         1.3098         1.5497         0.8519         0.2370             32       248.2000            103         5.8000         0.7630         0.0228         0.2370         1.6000         4.2000         0.6922         0.9132       179.9000       111.9000        17.1000        80.1000         0.0868         0.4172         0.9132         5.8000        74.3000         0.5446         0.8702        49.6000       290.4000         7.4000        41.6000         0.1298         0.1253         0.8702        12.9000        28.7000
test_runs_constraint_aware_stepwise        64.2159         0.6600         0.6430         0.5680         1.4019         1.5956         0.7753         0.1615        21.8000       247.7000       113.2000         6.3000         0.8385         0.0248         0.1615         1.3000              5         0.6599         0.9086            179        99.7000             18        92.3000         0.0914         0.4807         0.9086         6.7000        85.6000         0.5476         0.8596             49       291.4000              8        40.6000         0.1404         0.1223         0.8596             13        27.6000
         test_runs_threshold_tuning        62.2107         0.6750         0.6430         0.5360         1.4505         2.6762         0.8959         0.1400        18.9000       251.7000       116.1000         2.3000         0.8600         0.0091         0.1400         0.3000              2         0.6879         0.8629            170       114.7000             27        77.3000         0.1371         0.4026         0.8629         3.6000        73.7000         0.4418         0.9316        53.1000       264.6000         3.9000        67.4000         0.0684         0.2030         0.9316             25        42.4000
                               Mean        67.4913         0.5947         0.6381         0.5848         1.5319         2.0443         0.7643         0.3853        52.0176       235.4706        82.9824        18.5294         0.6147         0.0730         0.3853         6.1529        12.3765         0.7250         0.8809       173.5412       113.3882        23.4588        78.6118         0.1191         0.4094         0.8809        13.8647        64.7471         0.5751         0.6488        36.9824       302.6824        20.0176        29.3176         0.3512         0.0883         0.6488        11.0824        18.2353
                                Std         9.4411         0.2181         0.1550         0.1905         0.1890         0.4712         0.0688         0.2847        38.4355        16.5128        38.4355        16.5128         0.2847         0.0650         0.2847         6.1229        10.7248         0.1310         0.0796        15.6818        60.9518        15.6818        60.9518         0.0796         0.3175         0.0796        21.1230        41.4620         0.0776         0.3197        18.2229        18.6172        18.2229        18.6172         0.3197         0.0561         0.3197         7.5097        11.9141
