summary_DATA_SPLIT_STATE_20
============================================================

--- Train ---
                                          Accuracy      Precision         Recall       F1_Score   Average_Cost            AEC    Precision_2       Recall_2           TP_2           TN_2           FN_2           FP_2      FN_2_rate      FP_2_rate      TP_2_rate         FP_0_2         FP_1_2    Precision_1       Recall_1           TP_1           TN_1           FN_1           FP_1      FN_1_rate      FP_1_rate      TP_1_rate         FP_0_1         FP_2_1    Precision_0       Recall_0           TP_0           TN_0           FN_0           FP_0      FN_0_rate      FP_0_rate      TP_0_rate         FP_1_0         FP_2_0
--------------------------------------------------------------------------------------------------------------------------------------------------------------------------------------------------------------------------------------------------------------------------------------------------------------------------------------------------------------------------------------------------------------------------------------------------------------------------------------------------------------------------------------------------------------------------------------------------------------------------------------------
                       test_runs_CE        81.0910         0.7930         0.8070         0.7970         1.1491         2.1391         0.8118         0.6631       267.9000       697.8000       136.1000        62.2000         0.3369         0.0818         0.6631        16.9000        45.3000         0.8337         0.8993       529.7000       469.3000        59.3000       105.7000         0.1007         0.1838         0.8993         7.8000        97.9000         0.7384         0.8556       146.3000       940.8000        24.7000        52.2000         0.1444         0.0526         0.8556             14        38.2000
              test_runs_CE_weighted        77.7147         0.7470         0.7980         0.7580         1.3384         2.3355         0.7908         0.6225       251.5000       693.3000       152.5000        66.7000         0.3775         0.0878         0.6225         8.2000        58.5000         0.8522         0.8368       492.9000       489.5000        96.1000        85.5000         0.1632         0.1487         0.8368         2.6000        82.9000         0.6003         0.9368       160.2000       885.8000        10.8000       107.2000         0.0632         0.1080         0.9368        37.6000        69.6000
                  test_runs_AEC_CM1        50.6010         0.1700         0.3300         0.2200         1.4820         1.4820            N/A              0              0            760            404              0              1              0              0              0              0         0.5060              1            589              0              0            575              0              1              1            171            404            N/A              0              0            993            171              0              1              0              0              0              0
               test_runs_RWWCE1_CM1        73.2818         0.8030         0.6970         0.6970         0.9264         1.3882         0.9568         0.3703       149.6000       753.1000       254.4000         6.9000         0.6297         0.0091         0.3703              3         3.9000         0.6843         0.9793       576.8000       308.7000        12.2000       266.3000         0.0207         0.4631         0.9793        41.4000       224.9000         0.7723         0.7404       126.6000       955.2000        44.4000        37.8000         0.2596         0.0381         0.7404         8.3000        29.5000
               test_runs_RWWCE2_CM1        78.0070         0.7560         0.7950         0.7580         1.1954         2.1049         0.8284         0.5963       240.9000            710       163.1000             50         0.4037         0.0658         0.5963         8.6000        41.4000         0.8381         0.8623       507.9000       476.9000        81.1000        98.1000         0.1377         0.1706         0.8623         3.2000        94.9000         0.5977         0.9310       159.2000       885.1000        11.8000       107.9000         0.0690         0.1087         0.9310        39.7000        68.2000
               test_runs_RWWCE3_CM1        81.0653         0.7960         0.8070         0.7930         1.0951         1.9970         0.8260         0.6460            261       704.9000            143        55.1000         0.3540         0.0725         0.6460        15.1000             40         0.8267         0.9080       534.8000       462.8000        54.2000       112.2000         0.0920         0.1951         0.9080         8.1000       104.1000         0.7368         0.8643       147.8000       939.9000        23.2000        53.1000         0.1357         0.0535         0.8643        14.2000        38.9000
test_runs_constraint_aware_stepwise        66.6667         0.7280         0.6960         0.5930         1.3294         1.4775         0.9860         0.2233        90.2000       758.2000       313.8000         1.8000         0.7767         0.0024         0.2233         0.3000         1.5000         0.7547         0.8759       515.9000       406.6000        73.1000       168.4000         0.1241         0.2929         0.8759         0.8000       167.6000         0.4388         0.9936       169.9000       775.2000         1.1000       217.8000         0.0064         0.2193         0.9936        71.6000       146.2000
test_runs_constraint_aware_stepwise        65.4554         0.7180         0.6840         0.5780         1.3519         1.5112         0.9713         0.1923        77.7000       757.1000       326.3000         2.9000         0.8077         0.0038         0.1923         0.4000         2.5000         0.7314         0.8735       514.5000       385.4000        74.5000       189.6000         0.1265         0.3297         0.8735         0.9000       188.7000         0.4491         0.9924       169.7000       783.4000         1.3000       209.6000         0.0076         0.2111         0.9924             72       137.6000
                               Mean        71.7354         0.6889         0.7017         0.6492         1.2335         1.8044         0.8816         0.4142       167.3500       729.3000       236.6500        30.7000         0.5858         0.0404         0.4142         6.5625        24.1375         0.7534         0.9044       532.6875       374.9000        56.3125       200.1000         0.0956         0.3480         0.9044        29.4750       170.6250         0.6191         0.7893       134.9625       894.8000        36.0375        98.2000         0.2107         0.0989         0.7893        32.1750        66.0250
                                Std        10.4461         0.2121         0.1598         0.1931         0.1765         0.3764         0.0853         0.2540       102.5961        30.1735       102.5961        30.1735         0.2540         0.0397         0.2540         6.7564        24.3518         0.1166         0.0572        33.6802       163.1049        33.6802       163.1049         0.0572         0.2837         0.0572        58.7363       107.4975         0.1377         0.3296        56.3533        79.5798        56.3533        79.5798         0.3296         0.0801         0.3296        27.9926        51.7851

--- Validation ---
                                          Accuracy      Precision         Recall       F1_Score   Average_Cost            AEC    Precision_2       Recall_2           TP_2           TN_2           FN_2           FP_2      FN_2_rate      FP_2_rate      TP_2_rate         FP_0_2         FP_1_2    Precision_1       Recall_1           TP_1           TN_1           FN_1           FP_1      FN_1_rate      FP_1_rate      TP_1_rate         FP_0_1         FP_2_1    Precision_0       Recall_0           TP_0           TN_0           FN_0           FP_0      FN_0_rate      FP_0_rate      TP_0_rate         FP_1_0         FP_2_0
--------------------------------------------------------------------------------------------------------------------------------------------------------------------------------------------------------------------------------------------------------------------------------------------------------------------------------------------------------------------------------------------------------------------------------------------------------------------------------------------------------------------------------------------------------------------------------------------------------------------------------------------
                       test_runs_CE        76.2886         0.7370         0.7550         0.7400         1.5814         2.3567         0.7202         0.6082        81.5000       222.3000        52.5000        31.7000         0.3918         0.1248         0.6082        10.1000        21.6000         0.8177         0.8579            169       153.3000             28        37.7000         0.1421         0.1974         0.8579         1.4000        36.3000         0.6688         0.7982        45.5000       308.4000        11.5000        22.6000         0.2018         0.0683         0.7982         6.4000        16.2000
              test_runs_CE_weighted        73.8660         0.7040         0.7540         0.7150         1.6991         2.5022         0.7121         0.5821             78       222.3000             56        31.7000         0.4179         0.1248         0.5821         6.7000             25         0.8347         0.8076       159.1000       159.5000        37.9000        31.5000         0.1924         0.1649         0.8076         0.8000        30.7000         0.5652         0.8684        49.5000       292.8000         7.5000        38.2000         0.1316         0.1154         0.8684        12.9000        25.3000
                  test_runs_AEC_CM1        50.7730         0.1700         0.3300         0.2200         1.4770         1.4770            N/A              0              0            254            134              0              1              0              0              0              0         0.5077              1            197              0              0            191              0              1              1             57            134            N/A              0              0            331             57              0              1              0              0              0              0
               test_runs_RWWCE1_CM1        71.2370         0.7660         0.6740         0.6690         1.0595         1.4756         0.9070         0.3470        46.5000       249.2000        87.5000         4.8000         0.6530         0.0189         0.3470         1.5000         3.3000         0.6775         0.9594            189            101              8             90         0.0406         0.4712         0.9594        14.6000        75.4000         0.7095         0.7175        40.9000       314.2000        16.1000        16.8000         0.2825         0.0508         0.7175         4.7000        12.1000
               test_runs_RWWCE2_CM1        74.8969         0.7160         0.7560         0.7200         1.5085         2.2857         0.7511         0.5597             75       229.1000             59        24.9000         0.4403         0.0980         0.5597         6.9000             18         0.8263         0.8447       166.4000            156        30.6000             35         0.1553         0.1832         0.8447         0.9000        34.1000         0.5686         0.8632        49.2000       293.5000         7.8000        37.5000         0.1368         0.1133         0.8632        12.6000        24.9000
               test_runs_RWWCE3_CM1        76.4949         0.7380         0.7560         0.7420         1.5090         2.2225         0.7342         0.5933        79.5000       225.2000        54.5000        28.8000         0.4067         0.1134         0.5933         9.6000        19.2000         0.8141         0.8685       171.1000       151.9000        25.9000        39.1000         0.1315         0.2047         0.8685         1.2000        37.9000         0.6654         0.8105        46.2000       307.7000        10.8000        23.3000         0.1895         0.0704         0.8105         6.7000        16.6000
test_runs_constraint_aware_stepwise        64.7682         0.7090         0.6790         0.5720         1.3745         1.5760         0.9620         0.2000        26.8000            253       107.2000              1         0.8000         0.0039         0.2000              0              1         0.7346         0.8558       168.6000       129.9000        28.4000        61.1000         0.1442         0.3199         0.8558         1.1000             60         0.4290         0.9807        55.9000       256.4000         1.1000        74.6000         0.0193         0.2254         0.9807        27.4000        47.2000
test_runs_constraint_aware_stepwise        63.9434         0.7050         0.6700         0.5570         1.3806         1.5961         0.9549         0.1694        22.7000            253       111.3000              1         0.8306         0.0039         0.1694              0              1         0.7145         0.8604       169.5000       123.1000        27.5000        67.9000         0.1396         0.3555         0.8604         1.1000        66.8000         0.4418         0.9807        55.9000            260         1.1000             71         0.0193         0.2145         0.9807        26.5000        44.5000
                               Mean        69.0335         0.6556         0.6717         0.6169         1.4487         1.9365         0.8202         0.3825        51.2500       238.5125        82.7500        15.4875         0.6175         0.0610         0.3825         4.3500        11.1375         0.7409         0.8818       173.7125       121.8375        23.2875        69.1625         0.1182         0.3621         0.8818         9.7625        59.4000         0.5783         0.7524        42.8875       295.5000        14.1125        35.5000         0.2476         0.1073         0.7524        12.1500        23.3500
                                Std         8.8515         0.1974         0.1438         0.1760         0.1890         0.4424         0.1152         0.2369        31.7463        14.9541        31.7463        14.9541         0.2369         0.0589         0.2369         4.4327        10.7221         0.1111         0.0641        12.6261        53.2170        12.6261        53.2170         0.0641         0.2786         0.0641        19.6650        34.5086         0.1112         0.3169        18.0606        25.9822        18.0606        25.9822         0.3169         0.0785         0.3169        10.0366        15.9947

--- Test ---
                                          Accuracy      Precision         Recall       F1_Score   Average_Cost            AEC    Precision_2       Recall_2           TP_2           TN_2           FN_2           FP_2      FN_2_rate      FP_2_rate      TP_2_rate         FP_0_2         FP_1_2    Precision_1       Recall_1           TP_1           TN_1           FN_1           FP_1      FN_1_rate      FP_1_rate      TP_1_rate         FP_0_1         FP_2_1    Precision_0       Recall_0           TP_0           TN_0           FN_0           FP_0      FN_0_rate      FP_0_rate      TP_0_rate         FP_1_0         FP_2_0
--------------------------------------------------------------------------------------------------------------------------------------------------------------------------------------------------------------------------------------------------------------------------------------------------------------------------------------------------------------------------------------------------------------------------------------------------------------------------------------------------------------------------------------------------------------------------------------------------------------------------------------------
                       test_runs_CE        72.5710         0.7050         0.6860         0.6940         1.8928         2.5394         0.6662         0.6096        82.3000       212.7000        52.7000        41.3000         0.3904         0.1626         0.6096        14.4000        26.9000         0.7723         0.8381       165.1000       143.3000        31.9000        48.7000         0.1619         0.2536         0.8381         7.7000             41         0.6787         0.6123        34.9000       315.3000        22.1000        16.7000         0.3877         0.0503         0.6123              5        11.7000
              test_runs_CE_weighted        70.0772         0.6650         0.6960         0.6740         1.9902         2.6811         0.6569         0.5704             77       213.6000             58        40.4000         0.4296         0.1591         0.5704         9.6000        30.8000         0.7863         0.7792       153.5000       150.2000        43.5000        41.8000         0.2208         0.2177         0.7792         5.3000        36.5000         0.5535         0.7386        42.1000       297.8000        14.9000        34.2000         0.2614         0.1030         0.7386        12.7000        21.5000
                  test_runs_AEC_CM1        50.6430         0.1700         0.3300         0.2200         1.4810         1.4810            N/A              0              0            254            135              0              1              0              0              0              0         0.5064              1            197              0              0            192              0              1              1             57            135            N/A              0              0            332             57              0              1              0              0              0              0
               test_runs_RWWCE1_CM1        69.5888         0.7450         0.6390         0.6490         1.1849         1.5696         0.8502         0.3667        49.5000       245.3000        85.5000         8.7000         0.6333         0.0343         0.3667         2.2000         6.5000         0.6600         0.9487       186.9000        95.7000        10.1000        96.3000         0.0513         0.5016         0.9487        20.5000        75.8000         0.7249         0.6018        34.3000       318.7000        22.7000        13.3000         0.3982         0.0401         0.6018         3.6000         9.7000
               test_runs_RWWCE2_CM1        70.7198         0.6750         0.6970         0.6760         1.7710         2.4587         0.6948         0.5385        72.7000            222        62.3000             32         0.4615         0.1260         0.5385         8.2000        23.8000         0.7708         0.8137       160.3000       144.3000        36.7000        47.7000         0.1863         0.2484         0.8137         6.7000             41         0.5535         0.7386        42.1000       297.8000        14.9000        34.2000         0.2614         0.1030         0.7386        12.9000        21.3000
               test_runs_RWWCE3_CM1        73.1364         0.7100         0.6920         0.6990         1.7622         2.4019         0.6896         0.5978        80.7000       217.6000        54.3000        36.4000         0.4022         0.1433         0.5978        12.9000        23.5000         0.7694         0.8533       168.1000       141.6000        28.9000        50.4000         0.1467         0.2625         0.8533         8.4000             42         0.6712         0.6263        35.7000       314.3000        21.3000        17.7000         0.3737         0.0533         0.6263         5.4000        12.3000
test_runs_constraint_aware_stepwise        63.3677         0.6750         0.6500         0.5600         1.4494         1.6659         0.8938         0.2170        29.3000       250.5000       105.7000         3.5000         0.7830         0.0138         0.2170              0         3.5000         0.7103         0.8457       166.6000       123.8000        30.4000        68.2000         0.1543         0.3552         0.8457         6.4000        61.8000         0.4176         0.8877        50.6000       261.2000         6.4000        70.8000         0.1123         0.2133         0.8877        26.9000        43.9000
test_runs_constraint_aware_stepwise        61.8766         0.6540         0.6350         0.5430         1.4859         1.6971         0.8536         0.1837        24.8000       249.8000       110.2000         4.2000         0.8163         0.0165         0.1837              0         4.2000         0.6849         0.8426            166       115.4000             31        76.6000         0.1574         0.3990         0.8426         7.1000        69.5000         0.4266         0.8754        49.9000       264.5000         7.1000        67.5000         0.1246         0.2033         0.8754        26.8000        40.7000
                               Mean        66.4976         0.6249         0.6281         0.5894         1.6272         2.0618         0.7579         0.3855        52.0375       233.1875        82.9625        20.8125         0.6145         0.0819         0.3855         5.9125        14.9000         0.7076         0.8652       170.4375       114.2875        26.5625        77.7125         0.1348         0.4048         0.8652        14.8875        62.8250         0.5751         0.6351        36.2000       300.2000        20.8000        31.8000         0.3649         0.0958         0.6351        11.6625        20.1375
                                Std         7.5939         0.1861         0.1232         0.1606         0.2699         0.5006         0.1028         0.2302        31.0774        18.2330        31.0774        18.2330         0.2302         0.0718         0.2302         6.0751        12.4614         0.0937         0.0727        14.3158        49.6804        14.3158        49.6804         0.0727         0.2588         0.0727        17.6892        32.7382         0.1226         0.2798        15.9493        25.5994        15.9493        25.5994         0.2798         0.0771         0.2798        10.3410        15.2959
