summary_DATA_SPLIT_STATE_10
============================================================

--- Train ---
                                          Accuracy      Precision         Recall       F1_Score   Average_Cost            AEC    Precision_2       Recall_2           TP_2           TN_2           FN_2           FP_2      FN_2_rate      FP_2_rate      TP_2_rate         FP_0_2         FP_1_2    Precision_1       Recall_1           TP_1           TN_1           FN_1           FP_1      FN_1_rate      FP_1_rate      TP_1_rate         FP_0_1         FP_2_1    Precision_0       Recall_0           TP_0           TN_0           FN_0           FP_0      FN_0_rate      FP_0_rate      TP_0_rate         FP_1_0         FP_2_0
--------------------------------------------------------------------------------------------------------------------------------------------------------------------------------------------------------------------------------------------------------------------------------------------------------------------------------------------------------------------------------------------------------------------------------------------------------------------------------------------------------------------------------------------------------------------------------------------------------------------------------------------
                       test_runs_CE        81.7354         0.8050         0.8210         0.8080         1.1406         1.9960         0.8104         0.6936       280.2000       694.3000       123.8000        65.7000         0.3064         0.0864         0.6936         9.3000        56.4000         0.8389         0.8823       519.7000       475.1000        69.3000        99.9000         0.1177         0.1737         0.8823        10.2000        89.7000         0.7642         0.8860       151.5000            946        19.5000             47         0.1140         0.0473         0.8860        12.9000        34.1000
              test_runs_CE_weighted        77.5430         0.7460         0.8020         0.7590         1.4191         2.2880         0.7724         0.6488       262.1000       682.7000       141.9000        77.3000         0.3512         0.1017         0.6488         4.9000        72.4000         0.8605         0.8124       478.5000       497.4000       110.5000        77.6000         0.1876         0.1350         0.8124         4.1000        73.5000         0.6044         0.9474            162       886.5000              9       106.5000         0.0526         0.1073         0.9474        38.1000        68.4000
                  test_runs_AEC_CM1        50.6010         0.1700         0.3300         0.2200         1.4820         1.4820            N/A              0              0            760            404              0              1              0              0              0              0         0.5060              1            589              0              0            575              0              1              1            171            404            N/A              0              0            993            171              0              1              0              0              0              0
                  test_runs_AEC_CM2        50.6010         0.1700         0.3300         0.2200         1.4820         1.4820            N/A              0              0            760            404              0              1              0              0              0              0         0.5060              1            589              0              0            575              0              1              1            171            404            N/A              0              0            993            171              0              1              0              0              0              0
                  test_runs_AEC_CM3        50.6010         0.1700         0.3300         0.2200         1.4820         1.4820            N/A              0              0            760            404              0              1              0              0              0              0         0.5060              1            589              0              0            575              0              1              1            171            404            N/A              0              0            993            171              0              1              0              0              0              0
               test_runs_RWWCE1_CM1        72.1048         0.7920         0.6740         0.6820         0.9819         1.4453         0.9340         0.3757       151.8000       749.3000       252.2000        10.7000         0.6243         0.0141         0.3757         2.8000         7.9000         0.6724         0.9715       572.2000       296.1000        16.8000       278.9000         0.0285         0.4850         0.9715        52.9000            226         0.7683         0.6743       115.3000       957.9000        55.7000        35.1000         0.3257         0.0353         0.6743         8.9000        26.2000
               test_runs_RWWCE1_CM2        61.4262         0.4020         0.6030         0.4790         1.3730         1.8166            N/A              0              0            760            404              0              1              0              0              0              0         0.6257         0.9710       571.9000       232.5000        17.1000       342.5000         0.0290         0.5957         0.9710        27.9000       314.6000         0.5770         0.8368       143.1000       886.5000        27.9000       106.5000         0.1632         0.1073         0.8368        17.1000        89.4000
               test_runs_RWWCE1_CM3        73.3333         0.7520         0.7240         0.6860         1.0727         1.4730         0.9360         0.3812            154       749.5000            250        10.5000         0.6188         0.0138         0.3812              1         9.5000         0.7432         0.9397       553.5000       383.7000        35.5000       191.3000         0.0603         0.3327         0.9397        23.9000       167.4000         0.5754         0.8544       146.1000       884.4000        24.9000       108.6000         0.1456         0.1094         0.8544             26        82.6000
               test_runs_RWWCE2_CM1        78.3592         0.7580         0.8060         0.7640         1.2111         2.0343         0.8203         0.6181       249.7000       705.2000       154.3000        54.8000         0.3819         0.0721         0.6181         3.7000        51.1000         0.8416         0.8487       499.9000       480.9000        89.1000        94.1000         0.1513         0.1637         0.8487         4.8000        89.3000         0.6129         0.9503       162.5000            890         8.5000            103         0.0497         0.1037         0.9503             38             65
               test_runs_RWWCE2_CM2        77.9639         0.7560         0.8010         0.7570         1.1586         1.9585         0.8420         0.5891            238       715.3000            166        44.7000         0.4109         0.0588         0.5891         2.9000        41.8000         0.8361         0.8596       506.3000       475.7000        82.7000        99.3000         0.1404         0.1727         0.8596         4.9000        94.4000         0.5926         0.9544       163.2000       880.5000         7.8000       112.5000         0.0456         0.1133         0.9544        40.9000        71.6000
               test_runs_RWWCE2_CM3        77.8522         0.7520         0.8010         0.7580         1.2454         2.0857         0.8154         0.6114            247            704            157             56         0.3886         0.0737         0.6114         3.6000        52.4000         0.8427         0.8438            497       482.2000             92        92.8000         0.1562         0.1614         0.8438         5.2000        87.6000         0.5989         0.9485       162.2000            884         8.8000            109         0.0515         0.1098         0.9485        39.6000        69.4000
               test_runs_RWWCE3_CM1        81.6408         0.8040         0.8200         0.8050         1.0700         1.8960         0.8293         0.6728       271.8000            704       132.2000             56         0.3272         0.0737         0.6728         7.8000        48.2000         0.8302         0.8939       526.5000       467.3000        62.5000       107.7000         0.1061         0.1873         0.8939        11.2000        96.5000         0.7537         0.8889            152            943             19             50         0.1111         0.0504         0.8889        14.3000        35.7000
               test_runs_RWWCE3_CM2        81.2628         0.8000         0.8140         0.8000         1.0403         1.8532         0.8419         0.6493       262.3000       710.7000       141.7000        49.3000         0.3507         0.0649         0.6493              7        42.3000         0.8250         0.9017       531.1000       462.3000        57.9000       112.7000         0.0983         0.1960         0.9017        11.5000       101.2000         0.7322         0.8918       152.5000       936.9000        18.5000        56.1000         0.1082         0.0565         0.8918        15.6000        40.5000
               test_runs_RWWCE3_CM3        81.5464         0.8020         0.8200         0.8060         1.0817         1.8997         0.8278         0.6713       271.2000       703.5000       132.8000        56.5000         0.3287         0.0743         0.6713         7.4000        49.1000         0.8323         0.8919       525.3000       469.1000        63.7000       105.9000         0.1081         0.1842         0.8919        10.9000             95         0.7456         0.8930       152.7000       940.6000        18.3000        52.4000         0.1070         0.0528         0.8930        14.6000        37.8000
test_runs_constraint_aware_stepwise        70.3869         0.7660         0.7090         0.6430         1.0790         1.2811         0.9919         0.2438        98.5000       759.1000       305.5000         0.9000         0.7562         0.0012         0.2438              0         0.9000         0.7028         0.9548       562.4000       336.7000        26.6000       238.3000         0.0452         0.4144         0.9548        12.6000       225.7000         0.6011         0.9263       158.4000       887.5000        12.6000       105.5000         0.0737         0.1062         0.9263        25.7000        79.8000
test_runs_constraint_aware_stepwise        68.1014         0.7490         0.6850         0.6130         1.1474         1.3576         0.9663         0.1938        78.3000       757.3000       325.7000         2.7000         0.8062         0.0036         0.1938         0.1000         2.6000         0.6776         0.9487       558.8000       308.9000        30.2000       266.1000         0.0513         0.4628         0.9487        15.3000       250.8000         0.6047         0.9099       155.6000       890.5000        15.4000       102.5000         0.0901         0.1032         0.9099        27.6000        74.9000
         test_runs_threshold_tuning        68.2474         0.7270         0.7040         0.6180         1.2276         2.2880         0.9506         0.2421        97.8000       754.9000       306.2000         5.1000         0.7579         0.0067         0.2421              0         5.1000         0.7236         0.9022       531.4000       371.9000        57.6000       203.1000         0.0978         0.3532         0.9022         5.8000       197.3000         0.5072         0.9661       165.2000       831.6000         5.8000       161.4000         0.0339         0.1625         0.9661        52.5000       108.9000
                               Mean        70.7827         0.6424         0.6808         0.6258         1.2173         1.7717         0.8722         0.3877       156.6294       731.1647       247.3706        28.8353         0.6123         0.0379         0.3877         2.9706        25.8647         0.7277         0.9190       541.2647       337.6353        47.7353       237.3647         0.0810         0.4128         0.9190        42.0118       195.3529         0.6456         0.7369       126.0176       919.1118        44.9824        73.8882         0.2631         0.0744         0.7369        21.8706        52.0176
                                Std        11.1794         0.2433         0.1792         0.2125         0.1690         0.3246         0.0722         0.2757       111.3939        28.8438       111.3939        28.8438         0.2757         0.0380         0.2757         3.2500        26.0574         0.1282         0.0594        35.0056       179.1365        35.0056       179.1365         0.0594         0.3115         0.0594        62.6818       122.0420         0.0871         0.3580        61.2196        47.6538        61.2196        47.6538         0.3580         0.0480         0.3580        15.9269        33.2533

--- Validation ---
                                          Accuracy      Precision         Recall       F1_Score   Average_Cost            AEC    Precision_2       Recall_2           TP_2           TN_2           FN_2           FP_2      FN_2_rate      FP_2_rate      TP_2_rate         FP_0_2         FP_1_2    Precision_1       Recall_1           TP_1           TN_1           FN_1           FP_1      FN_1_rate      FP_1_rate      TP_1_rate         FP_0_1         FP_2_1    Precision_0       Recall_0           TP_0           TN_0           FN_0           FP_0      FN_0_rate      FP_0_rate      TP_0_rate         FP_1_0         FP_2_0
--------------------------------------------------------------------------------------------------------------------------------------------------------------------------------------------------------------------------------------------------------------------------------------------------------------------------------------------------------------------------------------------------------------------------------------------------------------------------------------------------------------------------------------------------------------------------------------------------------------------------------------------
                       test_runs_CE        76.2628         0.7420         0.7590         0.7430         1.4649         2.3574         0.7442         0.5851        78.4000            227        55.6000             27         0.4149         0.1063         0.5851         6.8000        20.2000         0.7990         0.8670       170.8000            148        26.2000             43         0.1330         0.2251         0.8670         3.5000        39.5000         0.6801         0.8193        46.7000       308.9000        10.3000        22.1000         0.1807         0.0668         0.8193              6        16.1000
              test_runs_CE_weighted        72.7577         0.6940         0.7470         0.7030         1.6739         2.5595         0.7204         0.5575        74.7000            225        59.3000             29         0.4425         0.1142         0.5575         4.7000        24.3000         0.8235         0.7975       157.1000       157.3000        39.9000        33.7000         0.2025         0.1764         0.7975         1.8000        31.9000         0.5414         0.8860        50.5000            288         6.5000             43         0.1140         0.1299         0.8860        15.6000        27.4000
                  test_runs_AEC_CM1        50.7730         0.1700         0.3300         0.2200         1.4770         1.4770            N/A              0              0            254            134              0              1              0              0              0              0         0.5077              1            197              0              0            191              0              1              1             57            134            N/A              0              0            331             57              0              1              0              0              0              0
                  test_runs_AEC_CM2        50.7730         0.1700         0.3300         0.2200         1.4770         1.4770            N/A              0              0            254            134              0              1              0              0              0              0         0.5077              1            197              0              0            191              0              1              1             57            134            N/A              0              0            331             57              0              1              0              0              0              0
                  test_runs_AEC_CM3        50.7730         0.1700         0.3300         0.2200         1.4770         1.4770            N/A              0              0            254            134              0              1              0              0              0              0         0.5077              1            197              0              0            191              0              1              1             57            134            N/A              0              0            331             57              0              1              0              0              0              0
               test_runs_RWWCE1_CM1        68.0672         0.7350         0.6290         0.6280         1.2184         1.6390         0.8376         0.2970        39.8000       246.3000        94.2000         7.7000         0.7030         0.0303         0.2970         2.4000         5.3000         0.6490         0.9558       188.3000        89.1000         8.7000       101.9000         0.0442         0.5335         0.9558        18.6000        83.3000         0.7165         0.6316             36       316.7000             21        14.3000         0.3684         0.0432         0.6316         3.4000        10.9000
               test_runs_RWWCE1_CM2        60.6958         0.3910         0.5860         0.4680         1.4041         1.8338            N/A              0              0            254            134              0              1              0              0              0              0         0.6246         0.9665       190.4000        76.4000         6.6000       114.6000         0.0335         0.6000         0.9665        11.9000       102.7000         0.5480         0.7912        45.1000       293.1000        11.9000        37.9000         0.2088         0.1145         0.7912         6.6000        31.3000
               test_runs_RWWCE1_CM3        70.2320         0.7100         0.6870         0.6430         1.2753         1.6321         0.8677         0.3179        42.6000       247.5000        91.4000         6.5000         0.6821         0.0256         0.3179         1.6000         4.9000         0.7297         0.9310       183.4000            123        13.6000             68         0.0690         0.3560         0.9310         8.9000        59.1000         0.5329         0.8158        46.5000            290        10.5000             41         0.1842         0.1239         0.8158         8.7000        32.3000
               test_runs_RWWCE2_CM1        73.5309         0.7060         0.7470         0.7060         1.4832         2.3263         0.7618         0.5261        70.5000       231.9000        63.5000        22.1000         0.4739         0.0870         0.5261         4.7000        17.4000         0.8076         0.8350       164.5000       151.8000        32.5000        39.2000         0.1650         0.2052         0.8350              2        37.2000         0.5493         0.8825        50.3000       289.6000         6.7000        41.4000         0.1175         0.1251         0.8825        15.1000        26.3000
               test_runs_RWWCE2_CM2        72.9640         0.7050         0.7420         0.6960         1.4349         2.2419         0.7785         0.4925             66       235.2000             68        18.8000         0.5075         0.0740         0.4925         4.3000        14.5000         0.7992         0.8447       166.4000       149.2000        30.6000        41.8000         0.1553         0.2188         0.8447              2        39.8000         0.5344         0.8895        50.7000       286.7000         6.3000        44.3000         0.1105         0.1338         0.8895        16.1000        28.2000
               test_runs_RWWCE2_CM3        73.0669         0.7040         0.7440         0.7020         1.5179         2.3649         0.7548         0.5209        69.8000       231.3000        64.2000        22.7000         0.4791         0.0894         0.5209         4.5000        18.2000         0.8080         0.8284       163.2000       152.2000        33.8000        38.8000         0.1716         0.2031         0.8284              2        36.8000         0.5412         0.8860        50.5000            288         6.5000             43         0.1140         0.1299         0.8860        15.6000        27.4000
               test_runs_RWWCE3_CM1        76.3660         0.7430         0.7580         0.7430         1.3854         2.2451         0.7633         0.5634        75.5000       230.5000        58.5000        23.5000         0.4366         0.0925         0.5634         6.2000        17.3000         0.7941         0.8807       173.5000            146        23.5000             45         0.1193         0.2356         0.8807         3.5000        41.5000         0.6725         0.8298        47.3000       307.8000         9.7000        23.2000         0.1702         0.0701         0.8298         6.2000             17
               test_runs_RWWCE3_CM2        75.9536         0.7400         0.7590         0.7370         1.3753         2.1927         0.7662         0.5433        72.8000       231.7000        61.2000        22.3000         0.4567         0.0878         0.5433         5.7000        16.6000         0.7896         0.8817       173.7000       144.7000        23.3000        46.3000         0.1183         0.2424         0.8817         3.1000        43.2000         0.6630         0.8456        48.2000       306.3000         8.8000        24.7000         0.1544         0.0746         0.8456         6.7000             18
               test_runs_RWWCE3_CM3        76.3402         0.7430         0.7590         0.7400         1.3848         2.2496         0.7646         0.5627        75.4000       230.7000        58.6000        23.3000         0.4373         0.0917         0.5627         5.9000        17.4000         0.7960         0.8787       173.1000       146.6000        23.9000        44.4000         0.1213         0.2325         0.8787         3.4000             41         0.6664         0.8368        47.7000       306.9000         9.3000        24.1000         0.1632         0.0728         0.8368         6.5000        17.6000
test_runs_constraint_aware_stepwise        66.4948         0.7270         0.6630         0.5790         1.2547         1.4661         0.9525         0.1590        21.3000            253       112.7000              1         0.8410         0.0039         0.1590              0              1         0.6818         0.9472       186.6000       103.8000        10.4000        87.2000         0.0528         0.4565         0.9472         6.9000        80.3000         0.5462         0.8789        50.1000       289.2000         6.9000        41.8000         0.1211         0.1263         0.8789         9.4000        32.4000
test_runs_constraint_aware_stepwise        65.9795         0.7280         0.6520         0.5740         1.2477         1.5144         0.9506         0.1515        20.3000            253       113.7000              1         0.8485         0.0039         0.1515              0              1         0.6692         0.9487       186.9000        98.5000        10.1000        92.5000         0.0513         0.4843         0.9487         8.2000        84.3000         0.5603         0.8561        48.8000       292.5000         8.2000        38.5000         0.1439         0.1163         0.8561         9.1000        29.4000
         test_runs_threshold_tuning        65.7732         0.7130         0.6720         0.5760         1.3275         2.5595         0.9620         0.1910        25.6000            253       108.4000              1         0.8090         0.0039         0.1910              0              1         0.7156         0.8975       176.8000       120.7000        20.2000        70.3000         0.1025         0.3681         0.8975         4.2000        66.1000         0.4629         0.9263        52.8000       269.5000         4.2000        61.5000         0.0737         0.1858         0.9263        19.2000        42.3000
                               Mean        67.4590         0.6054         0.6408         0.5822         1.4046         1.9773         0.8172         0.3216        43.1000       241.8882        90.9000        12.1118         0.6784         0.0477         0.3216         2.7529         9.3588         0.7065         0.9094       179.1588       106.3118        17.8412        84.6882         0.0906         0.4434         0.9094        14.7647        69.9235         0.5868         0.6927        39.4824       301.5412        17.5176        29.4588         0.3073         0.0890         0.6927         8.4824        20.9765
                                Std         9.1159         0.2231         0.1573         0.1888         0.1167         0.4211         0.0873         0.2356        31.5741        11.5388        31.5741        11.5388         0.2356         0.0454         0.2356         2.6737         8.9670         0.1132         0.0646        12.7256        56.2774        12.7256        56.2774         0.0646         0.2946         0.0646        20.6174        36.9308         0.0762         0.3366        19.1846        17.9803        19.1846        17.9803         0.3366         0.0543         0.3366         6.0363        12.5882

--- Test ---
                                          Accuracy      Precision         Recall       F1_Score   Average_Cost            AEC    Precision_2       Recall_2           TP_2           TN_2           FN_2           FP_2      FN_2_rate      FP_2_rate      TP_2_rate         FP_0_2         FP_1_2    Precision_1       Recall_1           TP_1           TN_1           FN_1           FP_1      FN_1_rate      FP_1_rate      TP_1_rate         FP_0_1         FP_2_1    Precision_0       Recall_0           TP_0           TN_0           FN_0           FP_0      FN_0_rate      FP_0_rate      TP_0_rate         FP_1_0         FP_2_0
--------------------------------------------------------------------------------------------------------------------------------------------------------------------------------------------------------------------------------------------------------------------------------------------------------------------------------------------------------------------------------------------------------------------------------------------------------------------------------------------------------------------------------------------------------------------------------------------------------------------------------------------
                       test_runs_CE        76.7610         0.7370         0.7750         0.7480         1.5828         2.2146         0.7307         0.6259        84.5000       222.8000        50.5000        31.2000         0.3741         0.1228         0.6259         6.5000        24.7000         0.8445         0.8376            165       161.6000             32        30.4000         0.1624         0.1583         0.8376         1.4000             29         0.6311         0.8614        49.1000       303.2000         7.9000        28.8000         0.1386         0.0867         0.8614         7.3000        21.5000
              test_runs_CE_weighted        73.1106         0.6950         0.7520         0.7070         1.8028         2.4548         0.7003         0.5815        78.5000       220.4000        56.5000        33.6000         0.4185         0.1323         0.5815              5        28.6000         0.8532         0.7878       155.2000       165.3000        41.8000        26.7000         0.2122         0.1391         0.7878         1.3000        25.4000         0.5344         0.8895        50.7000       287.7000         6.3000        44.3000         0.1105         0.1334         0.8895        13.2000        31.1000
                  test_runs_AEC_CM1        50.6430         0.1700         0.3300         0.2200         1.4810         1.4810            N/A              0              0            254            135              0              1              0              0              0              0         0.5064              1            197              0              0            192              0              1              1             57            135            N/A              0              0            332             57              0              1              0              0              0              0
                  test_runs_AEC_CM2        50.6430         0.1700         0.3300         0.2200         1.4810         1.4810            N/A              0              0            254            135              0              1              0              0              0              0         0.5064              1            197              0              0            192              0              1              1             57            135            N/A              0              0            332             57              0              1              0              0              0              0
                  test_runs_AEC_CM3        50.6430         0.1700         0.3300         0.2200         1.4810         1.4810            N/A              0              0            254            135              0              1              0              0              0              0         0.5064              1            197              0              0            192              0              1              1             57            135            N/A              0              0            332             57              0              1              0              0              0              0
               test_runs_RWWCE1_CM1        69.9743         0.7360         0.6820         0.6570         1.2025         1.6220         0.8368         0.3022        40.8000       246.1000        94.2000         7.9000         0.6978         0.0311         0.3022         0.6000         7.3000         0.6780         0.9421       185.6000       103.8000        11.4000        88.2000         0.0579         0.4594         0.9421        10.6000        77.6000         0.6891         0.8035        45.8000       311.3000        11.2000        20.7000         0.1965         0.0623         0.8035         4.1000        16.6000
               test_runs_RWWCE1_CM2        61.2599         0.3860         0.6130         0.4730         1.4399         1.8162            N/A              0              0            254            135              0              1              0              0              0              0         0.6474         0.9528       187.7000        89.7000         9.3000       102.3000         0.0472         0.5328         0.9528         6.4000        95.9000         0.5131         0.8877        50.6000       283.6000         6.4000        48.4000         0.1123         0.1458         0.8877         9.3000        39.1000
               test_runs_RWWCE1_CM3        70.0771         0.7040         0.7120         0.6500         1.3188         1.6432         0.8344         0.3193        43.1000       245.5000        91.9000         8.5000         0.6807         0.0335         0.3193         0.7000         7.8000         0.7380         0.8990       177.1000       129.1000        19.9000        62.9000         0.1010         0.3276         0.8990         3.9000             59         0.5390         0.9193        52.4000            287         4.6000             45         0.0807         0.1355         0.9193        12.1000        32.9000
               test_runs_RWWCE2_CM1        74.2159         0.7080         0.7590         0.7150         1.6296         2.2240         0.7326         0.5644        76.2000       226.2000        58.8000        27.8000         0.4356         0.1094         0.5644         4.4000        23.4000         0.8429         0.8193       161.4000       161.9000        35.6000        30.1000         0.1807         0.1568         0.8193         1.5000        28.6000         0.5469         0.8965        51.1000       289.6000         5.9000        42.4000         0.1035         0.1277         0.8965        12.2000        30.2000
               test_runs_RWWCE2_CM2        73.9588         0.7070         0.7590         0.7120         1.5617         2.1487         0.7503         0.5363        72.4000       229.9000        62.6000        24.1000         0.4637         0.0949         0.5363         3.4000        20.7000         0.8358         0.8289       163.3000       159.9000        33.7000        32.1000         0.1711         0.1672         0.8289         1.6000        30.5000         0.5360         0.9123             52       286.9000              5        45.1000         0.0877         0.1358         0.9123             13        32.1000
               test_runs_RWWCE2_CM3        73.7018         0.7010         0.7570         0.7100         1.6774         2.2694         0.7229         0.5563        75.1000       225.2000        59.9000        28.8000         0.4437         0.1134         0.5563         4.4000        24.4000         0.8429         0.8142       160.4000       162.1000        36.6000        29.9000         0.1858         0.1557         0.8142         1.4000        28.5000         0.5405         0.8982        51.2000       288.4000         5.8000        43.6000         0.1018         0.1313         0.8982        12.2000        31.4000
               test_runs_RWWCE3_CM1        76.6581         0.7330         0.7740         0.7430         1.5099         2.1119         0.7449         0.6015        81.2000       226.2000        53.8000        27.8000         0.3985         0.1094         0.6015         6.2000        21.6000         0.8352         0.8508       167.6000       158.9000        29.4000        33.1000         0.1492         0.1724         0.8508         1.4000        31.7000         0.6239         0.8667        49.4000       302.1000         7.6000        29.9000         0.1333         0.0901         0.8667         7.8000        22.1000
               test_runs_RWWCE3_CM2        76.2725         0.7310         0.7700         0.7380         1.4933         2.0692         0.7496         0.5785        78.1000       227.9000        56.9000        26.1000         0.4215         0.1028         0.5785              6        20.1000         0.8305         0.8574       168.9000       157.5000        28.1000        34.5000         0.1426         0.1797         0.8574         1.3000        33.2000         0.6111         0.8719        49.7000       300.3000         7.3000        31.7000         0.1281         0.0955         0.8719              8        23.7000
               test_runs_RWWCE3_CM3        76.5553         0.7330         0.7740         0.7440         1.5212         2.1194         0.7437         0.5993        80.9000       226.1000        54.1000        27.9000         0.4007         0.1098         0.5993              6        21.9000         0.8378         0.8487       167.2000       159.6000        29.8000        32.4000         0.1513         0.1688         0.8487         1.3000        31.1000         0.6172         0.8719        49.7000       301.1000         7.3000        30.9000         0.1281         0.0931         0.8719         7.9000             23
test_runs_constraint_aware_stepwise        67.3265         0.7270         0.6840         0.5960         1.2431         1.4577         0.9477         0.1852             25       252.6000            110         1.4000         0.8148         0.0055         0.1852         0.2000         1.2000         0.6975         0.9330       183.8000       112.1000        13.2000        79.9000         0.0670         0.4161         0.9330         3.7000        76.2000         0.5373         0.9316        53.1000       286.2000         3.9000        45.8000         0.0684         0.1380         0.9316             12        33.8000
test_runs_constraint_aware_stepwise        66.0668         0.7170         0.6710         0.5780         1.2720         1.4963         0.9178         0.1533        20.7000       252.1000       114.3000         1.9000         0.8467         0.0075         0.1533         0.1000         1.8000         0.6785         0.9299       183.2000       105.1000        13.8000        86.9000         0.0701         0.4526         0.9299         3.8000        83.1000         0.5522         0.9316        53.1000       288.8000         3.9000        43.2000         0.0684         0.1301         0.9316             12        31.2000
         test_runs_threshold_tuning        66.1183         0.6990         0.6810         0.5840         1.3634         2.4548         0.8985         0.1985        26.8000            251       108.2000              3         0.8015         0.0118         0.1985         0.2000         2.8000         0.7191         0.8944       176.2000       123.1000        20.8000        68.9000         0.1056         0.3589         0.8944         2.6000        66.3000         0.4775         0.9509        54.2000       272.1000         2.8000        59.9000         0.0491         0.1804         0.9509             18        41.9000
                               Mean        67.8815         0.6014         0.6561         0.5891         1.4742         1.9144         0.7931         0.3413        46.0765       239.2941        88.9235        14.7059         0.6587         0.0579         0.3413         2.5706        12.1353         0.7294         0.8939       176.0941       114.6882        20.9059        77.3118         0.1061         0.4027         0.8939        12.5412        64.7706         0.5678         0.7349        41.8882       299.0765        15.1118        32.9235         0.2651         0.0992         0.7349         8.7706        24.1529
                                Std         9.3242         0.2212         0.1624         0.1913         0.1586         0.3684         0.0836         0.2514        33.9401        13.6718        33.9401        13.6718         0.2514         0.0538         0.2514         2.6993        11.1040         0.1277         0.0699        13.7743        60.0354        13.7743        60.0354         0.0699         0.3127         0.0699        21.3489        40.5311         0.0573         0.3523        20.0787        18.1986        20.0787        18.1986         0.3523         0.0548         0.3523         5.2170        13.1768
